world: d42b02f7-5654-4917-af1e-2a98fced38f6
world-name: world
x: 769.7012348278013
y: 162.065367106472
z: 183.15921818702316
yaw: 0.71612548828125
pitch: 11.399965286254883
name: spawn
lastowner: 0ec76f01-4062-3290-a788-5053c909ebb5
