world: 62bf68bc-f2fc-44bb-ae2e-a6e6137a0b76
world-name: world
x: 339.23922604702653
y: 122.0
z: -500.84872457266437
yaw: -88.853515625
pitch: 1.7805100679397583
name: spawn
lastowner: 0ec76f01-4062-3290-a788-5053c909ebb5
