spawn:
  Location:
    ==: org.bukkit.Location
    world: world
    x: 769.471933728002
    y: 160.0
    z: 184.54804393580758
    pitch: 6.7499986
    yaw: 1.0496639
  Creator: 0ec76f01-4062-3290-a788-5053c909ebb5
